image: obstacle.pgm
resolution: 0.050000
origin: [0.00000, 0.00000, 0.00000]
negate: 0
occupied_thresh: 0.65
free_thresh: 0.196

