image: willow_garage_stage.pgm
resolution: 0.020000
origin: [-49.999999, -49.999999, 0.000000]
negate: 0
occupied_thresh: 0.65
free_thresh: 0.196

